
Number of grids to be examined = 7 

     Grid Size     Quantity 

     0.000489      0.237526 
     0.000978      0.237526 
     0.001957      0.237526 
     0.003922      0.237526 
     0.007874      0.237526 
     0.015873      0.237519 
     0.032258      0.237422 


Discretisation errors for fine grids: 

       Grids |     e_approx |     e_extrap |      f_exact |   gci_coarse | 
 ========================================================================= 
       1 2 3 |     0.000000 |     0.000000 |     0.237526 |     0.000001 | 
       2 3 4 |     0.000000 |     0.000000 |     0.237526 |     0.000000 | 
       3 4 5 |     0.000000 |     0.000000 |     0.237526 |     0.000000 | 
       4 5 6 |     0.000002 |     0.000000 |     0.237526 |     0.000003 | 
       5 6 7 |     0.000031 |     0.000003 |     0.237527 |     0.000042 | 
 ------------------------------------------------------------------------- 

       Grids |     gci_fine |            p |          r21 |          r32 | 
 ========================================================================= 
       1 2 3 |     0.000001 |     0.046871 |     2.000978 |     2.001957 | 
       2 3 4 |     0.000000 |     3.130360 |     2.001957 |     2.003922 | 
       3 4 5 |     0.000000 |     3.982540 |     2.003922 |     2.007874 | 
       4 5 6 |     0.000000 |     3.919108 |     2.007874 |     2.015873 | 
       5 6 7 |     0.000003 |     3.629626 |     2.015873 |     2.032258 | 
 ------------------------------------------------------------------------- 


Discretisation errors for coarse grids: 

       Grids |     e_approx |     e_extrap |      f_exact |   gci_coarse | 
 ========================================================================= 
       1 2 3 |     0.000000 |     0.000000 |     0.237527 |     0.000001 | 
       2 3 4 |     0.000000 |     0.000000 |     0.237526 |     0.000000 | 
       3 4 5 |     0.000002 |     0.000000 |     0.237526 |     0.000003 | 
       4 5 6 |     0.000031 |     0.000002 |     0.237526 |     0.000042 | 
       5 6 7 |     0.000409 |     0.000034 |     0.237527 |     0.000553 | 
 ------------------------------------------------------------------------- 

       Grids |     gci_fine |            p |          r21 |          r32 | 
 ========================================================================= 
       1 2 3 |     0.000001 |     0.046871 |     2.000978 |     2.001957 | 
       2 3 4 |     0.000000 |     3.130360 |     2.001957 |     2.003922 | 
       3 4 5 |     0.000000 |     3.982540 |     2.003922 |     2.007874 | 
       4 5 6 |     0.000003 |     3.919108 |     2.007874 |     2.015873 | 
       5 6 7 |     0.000042 |     3.629626 |     2.015873 |     2.032258 | 
 ------------------------------------------------------------------------- 


Asymptotic ratio test: 

           Grids | Asymptotic ratio | 
 ==================================== 
           1 2 3 |         1.067943 | 
           2 3 4 |         1.000054 | 
           3 4 5 |         1.000064 | 
           4 5 6 |         1.000061 | 
           5 6 7 |         1.000026 | 
 ------------------------------------ 

