
Number of grids to be examined = 10 

     Grid Size     Quantity 

     0.000061      0.237526 
     0.000122      0.237526 
     0.000244      0.237526 
     0.000489      0.237526 
     0.000978      0.237526 
     0.001957      0.237526 
     0.003922      0.237526 
     0.007874      0.237526 
     0.015873      0.237521 
     0.032258      0.237467 


Discretisation errors for fine grids: 

       Grids |     e_approx |     e_extrap |      f_exact |   gci_coarse | 
 ========================================================================= 
       1 2 3 |     0.000000 |     0.000000 |     0.237526 |     0.000000 | 
       2 3 4 |     0.000000 |     0.000000 |     0.237526 |     0.000000 | 
       3 4 5 |     0.000000 |     0.000000 |     0.237526 |     0.000000 | 
       4 5 6 |     0.000000 |     0.000000 |     0.237526 |     0.000000 | 
       5 6 7 |     0.000000 |     0.000000 |     0.237526 |     0.000000 | 
       6 7 8 |     0.000000 |     0.000000 |     0.237526 |     0.000000 | 
       7 8 9 |     0.000001 |     0.000000 |     0.237526 |     0.000002 | 
      8 9 10 |     0.000022 |     0.000003 |     0.237527 |     0.000031 | 
 ------------------------------------------------------------------------- 

       Grids |     gci_fine |            p |          r21 |          r32 | 
 ========================================================================= 
       1 2 3 |     0.000000 |     0.781376 |     2.000122 |     2.000244 | 
       2 3 4 |     0.000000 |     4.321324 |     2.000244 |     2.000489 | 
       3 4 5 |     0.000000 |     4.009880 |     2.000489 |     2.000978 | 
       4 5 6 |     0.000000 |     3.998149 |     2.000978 |     2.001957 | 
       5 6 7 |     0.000000 |     3.992129 |     2.001957 |     2.003922 | 
       6 7 8 |     0.000000 |     3.967636 |     2.003922 |     2.007874 | 
       7 8 9 |     0.000000 |     3.860813 |     2.007874 |     2.015873 | 
      8 9 10 |     0.000003 |     3.261494 |     2.015873 |     2.032258 | 
 ------------------------------------------------------------------------- 


Discretisation errors for coarse grids: 

       Grids |     e_approx |     e_extrap |      f_exact |   gci_coarse | 
 ========================================================================= 
       1 2 3 |     0.000000 |     0.000000 |     0.237526 |     0.000000 | 
       2 3 4 |     0.000000 |     0.000000 |     0.237526 |     0.000000 | 
       3 4 5 |     0.000000 |     0.000000 |     0.237526 |     0.000000 | 
       4 5 6 |     0.000000 |     0.000000 |     0.237526 |     0.000000 | 
       5 6 7 |     0.000000 |     0.000000 |     0.237526 |     0.000000 | 
       6 7 8 |     0.000001 |     0.000000 |     0.237526 |     0.000002 | 
       7 8 9 |     0.000022 |     0.000002 |     0.237526 |     0.000030 | 
      8 9 10 |     0.000227 |     0.000025 |     0.237527 |     0.000315 | 
 ------------------------------------------------------------------------- 

       Grids |     gci_fine |            p |          r21 |          r32 | 
 ========================================================================= 
       1 2 3 |     0.000000 |     0.781376 |     2.000122 |     2.000244 | 
       2 3 4 |     0.000000 |     4.321324 |     2.000244 |     2.000489 | 
       3 4 5 |     0.000000 |     4.009880 |     2.000489 |     2.000978 | 
       4 5 6 |     0.000000 |     3.998149 |     2.000978 |     2.001957 | 
       5 6 7 |     0.000000 |     3.992129 |     2.001957 |     2.003922 | 
       6 7 8 |     0.000000 |     3.967636 |     2.003922 |     2.007874 | 
       7 8 9 |     0.000002 |     3.860813 |     2.007874 |     2.015873 | 
      8 9 10 |     0.000031 |     3.261494 |     2.015873 |     2.032258 | 
 ------------------------------------------------------------------------- 


Asymptotic ratio test: 

           Grids | Asymptotic ratio | 
 ==================================== 
           1 2 3 |         1.000057 | 
           2 3 4 |         1.000035 | 
           3 4 5 |         1.000065 | 
           4 5 6 |         1.000065 | 
           5 6 7 |         1.000065 | 
           6 7 8 |         1.000064 | 
           7 8 9 |         1.000061 | 
          8 9 10 |         1.000031 | 
 ------------------------------------ 

